{
  "names": [
    "assistant_axis",
    "devils_advocate",
    "contrarian",
    "skeptic",
    "judge",
    "scientist",
    "peacekeeper",
    "pacifist",
    "collaborator",
    "facilitator",
    "random_0",
    "random_1",
    "random_2",
    "random_3",
    "random_4",
    "random_5",
    "random_6",
    "random_7",
    "random_8",
    "random_9",
    "caa"
  ],
  "matrix": [
    [
      1.0000014305114746,
      -0.6384544372558594,
      -0.800946056842804,
      -0.27262425422668457,
      -0.5110023021697998,
      -0.07164143025875092,
      -0.5159565210342407,
      -0.6800650358200073,
      -0.24865499138832092,
      -0.16107171773910522,
      -0.02584586851298809,
      -0.0006276331841945648,
      -0.0020660143345594406,
      0.006009750068187714,
      -0.006645849905908108,
      0.012084685266017914,
      0.02131962962448597,
      -0.008315411396324635,
      -0.01558588445186615,
      0.018574094399809837,
      -0.08600328862667084
    ],
    [
      -0.6384544372558594,
      0.9999998211860657,
      0.8834399580955505,
      0.6411426067352295,
      0.4334012269973755,
      0.11320044845342636,
      0.34993207454681396,
      0.40858525037765503,
      0.188853457570076,
      0.13523267209529877,
      0.01522089820355177,
      0.002934178337454796,
      0.01331735122948885,
      0.0011846728157252073,
      -0.004701078869402409,
      -0.01681007817387581,
      -0.02253580652177334,
      -0.01797989010810852,
      -0.015085533261299133,
      -0.00932248868048191,
      0.003016835078597069
    ],
    [
      -0.800946056842804,
      0.8834399580955505,
      1.0000001192092896,
      0.4101359248161316,
      0.3941420912742615,
      -0.057170867919921875,
      0.38501179218292236,
      0.5659427642822266,
      0.08779294788837433,
      -0.005957773886620998,
      0.02313784323632717,
      0.004809909034520388,
      0.014425169676542282,
      0.0001896163448691368,
      0.002090345835313201,
      -0.03062058985233307,
      -0.023860258981585503,
      -0.010321833193302155,
      0.0016092604491859674,
      -0.00523427315056324,
      0.032646119594573975
    ],
    [
      -0.27262425422668457,
      0.6411426067352295,
      0.4101359248161316,
      1.0000007152557373,
      0.5146391987800598,
      0.633976399898529,
      0.31169891357421875,
      0.12573544681072235,
      0.4112122356891632,
      0.47120609879493713,
      0.01731320656836033,
      0.00990290381014347,
      0.003005960024893284,
      -0.008315671235322952,
      -0.019590292125940323,
      0.010855837725102901,
      -0.002121580298990011,
      -0.006207083817571402,
      -0.01646321639418602,
      0.008447522297501564,
      0.0640062540769577
    ],
    [
      -0.5110023021697998,
      0.4334012269973755,
      0.3941420912742615,
      0.5146391987800598,
      1.0000007152557373,
      0.5681217908859253,
      0.6530139446258545,
      0.5539788007736206,
      0.19633953273296356,
      0.28435996174812317,
      0.025314312428236008,
      0.005476520396769047,
      -0.0010593715123832226,
      -0.015699606388807297,
      0.005291583016514778,
      0.02734292857348919,
      -0.008288164623081684,
      0.009626578539609909,
      -0.005889836233109236,
      -0.010615700855851173,
      0.08541703969240189
    ],
    [
      -0.07164143025875092,
      0.11320044845342636,
      -0.057170867919921875,
      0.633976399898529,
      0.5681217908859253,
      1.0000007152557373,
      0.4324904680252075,
      0.13503077626228333,
      0.4007247984409332,
      0.4943060874938965,
      0.019725920632481575,
      0.004699727986007929,
      -0.006778026465326548,
      -0.005599940195679665,
      -0.011924471706151962,
      0.03801211714744568,
      0.0014014446642249823,
      0.0073189157992601395,
      -0.01204671524465084,
      0.0075520109385252,
      0.004034317098557949
    ],
    [
      -0.5159565210342407,
      0.34993207454681396,
      0.38501179218292236,
      0.31169891357421875,
      0.6530139446258545,
      0.4324904680252075,
      1.0000007152557373,
      0.8491967916488647,
      0.4330224394798279,
      0.415317565202713,
      0.016985729336738586,
      0.01091869454830885,
      -0.0055686719715595245,
      -0.01900782808661461,
      0.003176483092829585,
      0.01083655096590519,
      -0.029891451820731163,
      0.011547177098691463,
      0.005956682376563549,
      0.004930580034852028,
      0.06511015444993973
    ],
    [
      -0.6800650358200073,
      0.40858525037765503,
      0.5659427642822266,
      0.12573544681072235,
      0.5539788007736206,
      0.13503077626228333,
      0.8491967916488647,
      1.0000004768371582,
      0.24856114387512207,
      0.15204671025276184,
      0.01544284075498581,
      -0.00013679382391273975,
      0.005319376476109028,
      -0.010675917379558086,
      0.004242353141307831,
      0.0053477780893445015,
      -0.02864762581884861,
      0.004185707774013281,
      0.015198797918856144,
      -0.0021681212820112705,
      0.07565366476774216
    ],
    [
      -0.24865499138832092,
      0.188853457570076,
      0.08779294788837433,
      0.4112122356891632,
      0.19633953273296356,
      0.4007247984409332,
      0.4330224394798279,
      0.24856114387512207,
      1.000001072883606,
      0.8981009721755981,
      0.011988707818090916,
      0.023646138608455658,
      -0.00248078559525311,
      -0.015627536922693253,
      0.005833588540554047,
      0.02270127460360527,
      -0.01147434487938881,
      0.032048098742961884,
      -0.0013880517799407244,
      -0.001983040012419224,
      0.16481372714042664
    ],
    [
      -0.16107171773910522,
      0.13523267209529877,
      -0.005957773886620998,
      0.47120609879493713,
      0.28435996174812317,
      0.4943060874938965,
      0.415317565202713,
      0.15204671025276184,
      0.8981009721755981,
      1.0000005960464478,
      0.0078074736520648,
      0.015127144753932953,
      -0.007031547836959362,
      -0.011406807228922844,
      0.004152743145823479,
      0.018350914120674133,
      -0.007272747345268726,
      0.04531578719615936,
      -0.0031693202909082174,
      -0.004927359987050295,
      0.14594495296478271
    ],
    [
      -0.02584586851298809,
      0.01522089820355177,
      0.02313784323632717,
      0.01731320656836033,
      0.025314312428236008,
      0.019725920632481575,
      0.016985729336738586,
      0.01544284075498581,
      0.011988707818090916,
      0.0078074736520648,
      0.9999997019767761,
      0.011378560215234756,
      -0.006698581390082836,
      0.0072713191621005535,
      -0.005729951895773411,
      -0.024048546329140663,
      -0.0010628915624693036,
      0.0031136642210185528,
      -0.014104647561907768,
      -0.00101928086951375,
      0.007486289832741022
    ],
    [
      -0.0006276331841945648,
      0.002934178337454796,
      0.004809909034520388,
      0.00990290381014347,
      0.005476520396769047,
      0.004699727986007929,
      0.01091869454830885,
      -0.00013679382391273975,
      0.023646138608455658,
      0.015127144753932953,
      0.011378560215234756,
      0.9999998807907104,
      -0.006666370667517185,
      -0.026856280863285065,
      -0.026462584733963013,
      0.009562398307025433,
      0.016904063522815704,
      0.018220679834485054,
      -0.003159518353641033,
      0.021587708964943886,
      -0.022233981639146805
    ],
    [
      -0.0020660143345594406,
      0.01331735122948885,
      0.014425169676542282,
      0.003005960024893284,
      -0.0010593715123832226,
      -0.006778026465326548,
      -0.0055686719715595245,
      0.005319376476109028,
      -0.00248078559525311,
      -0.007031547836959362,
      -0.006698581390082836,
      -0.006666370667517185,
      1.0000001192092896,
      0.01089350413531065,
      0.023172862827777863,
      -0.006547832861542702,
      0.024440549314022064,
      0.005740580148994923,
      -0.009510383009910583,
      -0.001484813168644905,
      0.0031285355798900127
    ],
    [
      0.006009750068187714,
      0.0011846728157252073,
      0.0001896163448691368,
      -0.008315671235322952,
      -0.015699606388807297,
      -0.005599940195679665,
      -0.01900782808661461,
      -0.010675917379558086,
      -0.015627536922693253,
      -0.011406807228922844,
      0.0072713191621005535,
      -0.026856280863285065,
      0.01089350413531065,
      1.0000001192092896,
      -0.002858995459973812,
      -0.00032192724756896496,
      0.013268661685287952,
      0.0003751858603209257,
      0.007395473308861256,
      -0.021659694612026215,
      -0.0005653803236782551
    ],
    [
      -0.006645849905908108,
      -0.004701078869402409,
      0.002090345835313201,
      -0.019590292125940323,
      0.005291583016514778,
      -0.011924471706151962,
      0.003176483092829585,
      0.004242353141307831,
      0.005833588540554047,
      0.004152743145823479,
      -0.005729951895773411,
      -0.026462584733963013,
      0.023172862827777863,
      -0.002858995459973812,
      0.9999998211860657,
      0.017336426302790642,
      0.007014664355665445,
      0.027402162551879883,
      -0.017978034913539886,
      -0.008668363094329834,
      -0.04148072749376297
    ],
    [
      0.012084685266017914,
      -0.01681007817387581,
      -0.03062058985233307,
      0.010855837725102901,
      0.02734292857348919,
      0.03801211714744568,
      0.01083655096590519,
      0.0053477780893445015,
      0.02270127460360527,
      0.018350914120674133,
      -0.024048546329140663,
      0.009562398307025433,
      -0.006547832861542702,
      -0.00032192724756896496,
      0.017336426302790642,
      1.000000238418579,
      0.038726866245269775,
      0.009124470874667168,
      0.0025667338632047176,
      0.015200254507362843,
      -0.008987773209810257
    ],
    [
      0.02131962962448597,
      -0.02253580652177334,
      -0.023860258981585503,
      -0.002121580298990011,
      -0.008288164623081684,
      0.0014014446642249823,
      -0.029891451820731163,
      -0.02864762581884861,
      -0.01147434487938881,
      -0.007272747345268726,
      -0.0010628915624693036,
      0.016904063522815704,
      0.024440549314022064,
      0.013268661685287952,
      0.007014664355665445,
      0.038726866245269775,
      1.0000003576278687,
      -0.010416689328849316,
      0.008876098319888115,
      0.00018553715199232101,
      -0.007228112779557705
    ],
    [
      -0.008315411396324635,
      -0.01797989010810852,
      -0.010321833193302155,
      -0.006207083817571402,
      0.009626578539609909,
      0.0073189157992601395,
      0.011547177098691463,
      0.004185707774013281,
      0.032048098742961884,
      0.04531578719615936,
      0.0031136642210185528,
      0.018220679834485054,
      0.005740580148994923,
      0.0003751858603209257,
      0.027402162551879883,
      0.009124470874667168,
      -0.010416689328849316,
      0.9999998807907104,
      -0.010793022811412811,
      -0.012637942098081112,
      -0.007366331294178963
    ],
    [
      -0.01558588445186615,
      -0.015085533261299133,
      0.0016092604491859674,
      -0.01646321639418602,
      -0.005889836233109236,
      -0.01204671524465084,
      0.005956682376563549,
      0.015198797918856144,
      -0.0013880517799407244,
      -0.0031693202909082174,
      -0.014104647561907768,
      -0.003159518353641033,
      -0.009510383009910583,
      0.007395473308861256,
      -0.017978034913539886,
      0.0025667338632047176,
      0.008876098319888115,
      -0.010793022811412811,
      0.9999998807907104,
      -0.03586673364043236,
      0.004655013792216778
    ],
    [
      0.018574094399809837,
      -0.00932248868048191,
      -0.00523427315056324,
      0.008447522297501564,
      -0.010615700855851173,
      0.0075520109385252,
      0.004930580034852028,
      -0.0021681212820112705,
      -0.001983040012419224,
      -0.004927359987050295,
      -0.00101928086951375,
      0.021587708964943886,
      -0.001484813168644905,
      -0.021659694612026215,
      -0.008668363094329834,
      0.015200254507362843,
      0.00018553715199232101,
      -0.012637942098081112,
      -0.03586673364043236,
      0.9999998807907104,
      -0.029554031789302826
    ],
    [
      -0.08600328862667084,
      0.003016835078597069,
      0.032646119594573975,
      0.0640062540769577,
      0.08541703969240189,
      0.004034317098557949,
      0.06511015444993973,
      0.07565366476774216,
      0.16481372714042664,
      0.14594495296478271,
      0.007486289832741022,
      -0.022233981639146805,
      0.0031285355798900127,
      -0.0005653803236782551,
      -0.04148072749376297,
      -0.008987773209810257,
      -0.007228112779557705,
      -0.007366331294178963,
      0.004655013792216778,
      -0.029554031789302826,
      0.999999463558197
    ]
  ],
  "target_layer": 22
}